City,Latitude,Longitude,Temperature,Humidity,Cloudiness,Wind Speed,Country Code,Date
Cabedelo,-6.9811,-34.8339,77.67,77,32,10.4,BR,1667788529
Albany,-35.0169,117.8917,60.24,81,100,13.04,AU,1667789000
Vrangel',42.7297,133.0839,47.66,64,90,9.46,RU,1667789001
Avarua,-21.2078,-159.775,77.05,65,75,6.91,CK,1667789001
Verkhnevilyuysk,63.4453,120.3167,-8.97,92,7,2.51,RU,1667789002
Mahébourg,-20.4081,57.7,71.89,78,40,2.3,MU,1667788459
Hermanus,-34.4187,19.2345,61.81,84,95,12.44,ZA,1667789002
Norman Wells,65.282,-126.8329,6.84,72,75,9.22,CA,1667789003
Boyuibe,-20.4167,-63.2833,68.34,35,99,3.15,BO,1667789003
Hvide Sande,56.0045,8.1294,53.74,86,88,31.09,DK,1667789004
Port Alfred,-33.5906,26.891,66.18,85,100,7.0,ZA,1667789004
Caravelas,-17.7125,-39.2481,71.55,70,100,6.71,BR,1667789005
Areosa,41.7178,-8.8571,57.4,87,64,9.53,PT,1667789005
Kaitangata,-46.2817,169.8464,63.75,52,62,6.53,NZ,1667789005
Viedma,-40.8135,-62.9967,70.18,35,3,18.03,AR,1667789006
Moïssala,8.3404,17.7663,70.43,47,14,4.18,TD,1667789006
Vila Franca do Campo,37.7167,-25.4333,64.2,83,100,13.06,PT,1667789007
Cidreira,-30.1811,-50.2056,62.47,80,8,13.56,BR,1667789007
Ancud,-41.8697,-73.8203,48.72,87,10,4.0,CL,1667788378
Ushuaia,-54.8,-68.3,47.86,87,0,4.61,AR,1667789008
Shimoda,34.6667,138.95,57.11,89,100,10.65,JP,1667789008
Cherskiy,68.75,161.3,-3.51,100,64,3.6,RU,1667788476
Thinadhoo,0.5333,72.9333,81.84,76,33,13.2,MV,1667789009
Chicama,-7.8447,-79.1469,61.34,84,30,4.54,PE,1667789009
Tulsīpur,28.131,82.2973,68.02,69,96,2.55,NP,1667789009
Hithadhoo,-0.6,73.0833,81.45,75,57,11.43,MV,1667789010
Hukuntsi,-24.0,21.75,63.23,80,91,13.96,BW,1667789010
Tupelo,34.2576,-88.7034,70.52,91,100,0.0,US,1667789011
Balabac,7.9868,117.0645,84.25,74,55,6.17,PH,1667789011
Kruisfontein,-34.0033,24.7314,61.88,85,99,2.59,ZA,1667789012
Torbay,47.6666,-52.7314,54.46,95,100,19.57,CA,1667789012
Rikitea,-23.1203,-134.9692,72.18,82,100,16.02,PF,1667789012
Srednekolymsk,67.45,153.6833,-11.96,98,34,1.03,RU,1667789013
Vaini,-21.2,-175.2,80.76,69,20,9.22,TO,1667789013
Karratha,-20.7377,116.8463,79.25,37,13,17.81,AU,1667789013
Atuona,-9.8,-139.0333,76.86,69,64,11.12,PF,1667789014
Tsaratanana,-16.7833,47.65,73.94,68,18,4.47,MG,1667789014
Tasiilaq,65.6145,-37.6368,32.16,72,100,4.47,GL,1667789015
Nome,64.5011,-165.4064,30.27,93,100,16.11,US,1667788479
Barrow,71.2906,-156.7887,21.22,93,100,16.11,US,1667788946
Vao,-22.6667,167.4833,75.49,82,97,17.9,NC,1667788480
Faro,37.0194,-7.9322,60.62,88,0,5.75,PT,1667789016
Ketchikan,55.3422,-131.6461,30.67,34,0,12.66,US,1667789016
Fortuna,40.5982,-124.1573,48.24,95,100,5.75,US,1667789016
East London,-33.0153,27.9116,66.4,81,100,17.92,ZA,1667788481
Haines Junction,60.7522,-137.5108,4.95,66,3,4.61,CA,1667788468
Puerto Ayora,-0.7393,-90.3518,66.54,86,78,1.99,EC,1667789017
Busselton,-33.65,115.3333,70.72,55,77,9.24,AU,1667789018
Grindavik,63.8424,-22.4338,37.87,87,0,8.05,IS,1667789018
Gannan,47.9147,123.5031,40.44,42,11,10.94,CN,1667789019
Punta Arenas,-53.15,-70.9167,55.51,62,0,10.36,CL,1667789003
Esim,4.8699,-2.2405,76.69,88,39,3.89,GH,1667789020
Cape Town,-33.9258,18.4232,62.26,89,100,11.5,ZA,1667788973
Thompson,55.7435,-97.8558,12.36,85,100,8.05,CA,1667789020
Carnarvon,-24.8667,113.6333,68.99,63,92,17.4,AU,1667788382
Bud,62.9088,6.9145,37.35,70,37,12.86,NO,1667789021
Jamestown,-15.9387,-5.7168,62.82,73,9,15.97,SH,1667789021
Meadville,41.6414,-80.1515,56.35,79,20,0.0,US,1667789022
Bennettsville,34.6174,-79.6848,68.16,87,100,0.0,US,1667789022
Arraial do Cabo,-22.9661,-42.0278,68.76,68,22,5.12,BR,1667788483
Port Blair,11.6667,92.75,84.24,79,75,8.05,IN,1667789023
Kapaa,22.0752,-159.319,79.27,79,100,16.11,US,1667789024
Ribeira Grande,38.5167,-28.7,65.77,76,100,17.0,PT,1667789024
Bathsheba,13.2167,-59.5167,81.21,83,20,18.41,BB,1667789025
Kirishi,59.4471,32.0205,35.58,96,94,8.52,RU,1667789025
Mount Gambier,-37.8333,140.7667,76.48,43,7,2.48,AU,1667789026
Saskylakh,71.9167,114.0833,-23.35,100,54,2.68,RU,1667789026
Cayenne,4.9333,-52.3333,75.24,100,75,10.36,GF,1667788865
Bluff,-46.6,168.3333,65.8,64,87,22.57,NZ,1667789027
Lüderitz,-26.6481,15.1594,60.91,88,100,1.86,NA,1667788485
Aklavik,68.2191,-135.0107,-5.67,88,6,7.56,CA,1667788486
Río Gallegos,-51.6226,-69.2181,59.05,58,0,2.3,AR,1667788306
Hobart,-42.8794,147.3294,70.75,60,20,17.27,AU,1667788356
Ipixuna,-1.7625,-48.8043,73.08,97,99,2.44,BR,1667788487
Bethanien,-26.502,17.1583,66.04,54,93,2.66,NA,1667788487
Kiunga,-6.1219,141.2906,87.01,59,94,1.74,PG,1667788487
Dikson,73.5069,80.5464,7.47,92,100,7.4,RU,1667788488
Aldan,58.6031,125.3894,7.93,88,100,4.09,RU,1667788488
Itaituba,-4.2761,-55.9836,75.27,90,92,1.81,BR,1667788488
Raudeberg,61.9875,5.1352,43.47,71,27,10.94,NO,1667788489
Pronsk,54.1048,39.6092,32.79,83,100,10.09,RU,1667788489
Esperance,-33.8667,121.9,58.84,78,100,15.55,AU,1667788342
Chui,-33.6971,-53.4616,57.87,89,0,8.97,UY,1667788490
Vardø,70.3705,31.1107,31.98,74,76,11.5,NO,1667788491
Cabo San Lucas,22.8909,-109.9124,74.1,72,20,11.5,MX,1667788491
Bengkulu,-3.8004,102.2655,81.95,70,100,3.87,ID,1667788492
Yellowknife,62.456,-114.3525,-3.48,84,0,8.05,CA,1667788492
Murashi,59.3999,48.9615,26.26,92,100,7.2,RU,1667788337
Itoman,26.1247,127.6694,77.02,69,75,14.97,JP,1667788493
Cedar City,37.6775,-113.0619,47.37,53,20,9.22,US,1667788493
Upernavik,72.7868,-56.1549,8.15,72,90,5.57,GL,1667788494
Penzance,50.1186,-5.5371,56.08,87,100,26.33,GB,1667788494
Yining,29.0361,114.5636,75.34,39,0,1.79,CN,1667788495
Saldanha,-33.0117,17.9442,62.65,93,100,7.54,ZA,1667788495
Otukpo,7.1913,8.1329,71.24,50,99,3.56,NG,1667788495
Porto Novo,17.0197,-25.0647,75.2,69,0,6.13,CV,1667788496
Butaritari,3.0707,172.7902,79.77,76,29,6.8,KI,1667788496
Okhotsk,59.3833,143.3,11.84,56,67,5.5,RU,1667788497
The Valley,18.217,-63.0578,80.42,78,100,21.18,AI,1667788486
Katherine,-14.4667,132.2667,93.52,40,75,11.5,AU,1667788545
Khazar,41.9974,48.3332,44.13,71,72,6.98,RU,1667788545
Victoria,-4.6167,55.45,76.26,88,40,9.22,SC,1667788546
Manta,-0.95,-80.7333,69.58,88,75,9.22,EC,1667788494
Pisco,-13.7,-76.2167,60.85,88,0,2.3,PE,1667788518
Najrān,17.4924,44.1277,57.85,37,0,1.05,SA,1667788264
Georgetown,-7.9333,-14.4167,73.85,75,100,16.49,SH,1667788547
Mahibadhoo,3.7833,72.9667,81.19,78,11,9.93,MV,1667788547
Zabol,31.0287,61.5012,53.58,94,0,4.61,IR,1667788548
Provideniya,64.3833,-173.3,35.71,100,100,11.18,RU,1667788316
Nanortalik,60.1432,-45.2371,31.05,85,88,4.7,GL,1667788358
Manadhoo,5.7667,73.3833,80.85,72,52,4.79,MV,1667788548
San Miguel de Tucumán,-26.8241,-65.2226,80.6,32,100,5.75,AR,1667788543
Saint-Joseph,-21.3667,55.6167,68.38,77,38,8.37,RE,1667788549
Sevsk,52.1491,34.4926,34.79,81,100,8.28,RU,1667788549
Ekibastuz,51.6667,75.3667,26.64,72,85,9.46,KZ,1667788550
Saint Paul Harbor,57.79,-152.4072,29.71,59,0,4.61,US,1667788551
Mossamedes,-15.1961,12.1522,68.11,64,0,5.84,AO,1667788551
La Rioja,-29.4111,-66.8507,74.68,32,100,3.85,AR,1667788287
Payyanur,12.1,75.2,78.71,77,54,4.25,IN,1667788552
Hobyo,5.3505,48.5268,79.0,78,25,5.44,SO,1667788552
Pecos,31.4229,-103.4932,65.21,27,0,4.61,US,1667788553
Mormugao,15.4,73.8,78.13,52,84,10.45,IN,1667788553
New Norfolk,-42.7826,147.0587,71.74,37,34,5.01,AU,1667788554
Khatanga,71.9667,102.5,-6.18,94,94,6.2,RU,1667788487
Lanxi,29.2195,119.477,70.84,53,0,1.21,CN,1667788554
Severo-Kuril'sk,50.6789,156.125,36.18,67,83,27.29,RU,1667788555
Clyde River,70.4692,-68.5914,3.43,55,100,8.05,CA,1667788530
Sur,22.5667,59.5289,80.11,61,94,5.7,OM,1667788556
Ust-Tsilma,65.441,52.1498,24.42,90,100,6.82,RU,1667788556
Pathein,16.7833,94.7333,79.74,72,99,6.46,MM,1667788556
Hilo,19.7297,-155.09,77.43,83,20,5.75,US,1667788333
Iqaluit,63.7506,-68.5145,11.93,67,20,9.22,CA,1667788557
Batagay-Alyta,67.8006,130.4114,2.03,95,100,2.71,RU,1667788558
Kutum,14.2,24.6667,64.71,30,1,5.55,SD,1667788559
Kamenka,51.3223,42.7678,30.29,82,87,5.39,RU,1667788559
Chokurdakh,70.6333,147.9167,5.13,92,100,17.13,RU,1667788560
Lahaina,20.8783,-156.6825,82.09,79,100,7.14,US,1667788560
Bredasdorp,-34.5322,20.0403,63.55,86,100,4.43,ZA,1667788561
Mar del Plata,-38.0023,-57.5575,60.71,88,0,20.0,AR,1667788561
Klyuchi,52.2667,79.1667,27.27,77,88,6.42,RU,1667788562
Alofi,-19.0595,-169.9187,80.49,61,2,11.5,NU,1667788562
Port Augusta,-32.5,137.7667,88.2,17,0,4.05,AU,1667788448
Tuatapere,-46.1333,167.6833,59.49,61,78,9.42,NZ,1667788563
Tiksi,71.6872,128.8694,1.08,94,100,20.33,RU,1667788314
Kavieng,-2.5744,150.7967,85.42,66,100,7.54,PG,1667788564
Labuhan,-6.8844,112.2051,84.58,66,100,2.24,ID,1667788564
Lompoc,34.6391,-120.4579,55.18,82,0,4.61,US,1667788564
Eydhafushi,5.1033,73.0708,80.64,75,10,5.77,MV,1667788565
Saint-Philippe,-21.3585,55.7679,69.39,79,81,9.57,RE,1667788566
Maniitsoq,65.4167,-52.9,16.03,63,0,7.63,GL,1667788566
Venice,27.0998,-82.4543,76.23,88,2,5.01,US,1667788567
Yokadouma,3.5167,15.05,69.48,95,100,0.98,CM,1667788567
Hokitika,-42.7167,170.9667,57.83,66,98,6.51,NZ,1667788374
Geraldton,-28.7667,114.6,72.01,46,40,14.97,AU,1667788568
Kahului,20.8947,-156.47,83.62,62,20,20.71,US,1667788303
Puerto del Rosario,28.5004,-13.8627,71.35,83,75,13.8,ES,1667788569
Karabash,55.4808,60.2157,27.32,89,98,9.15,RU,1667788569
Novy Urengoy,66.0833,76.6333,16.52,96,95,6.85,RU,1667788570
Languyan,5.2618,120.0807,85.23,70,100,4.7,PH,1667788570
Wenling,28.3669,121.36,67.24,63,0,4.23,CN,1667788570
Gayny,60.3071,54.3241,19.92,97,41,4.12,RU,1667788404
Tommot,58.9564,126.2925,6.53,84,46,4.79,RU,1667788571
Kautokeino,69.0125,23.0412,23.63,87,38,6.42,NO,1667788572
Presidencia Roque Sáenz Peña,-26.7852,-60.4388,67.06,42,74,5.77,AR,1667788572
Ahipara,-35.1667,173.1667,64.38,63,87,10.36,NZ,1667788572
Tilichiki,60.4667,166.1,23.88,92,46,7.38,RU,1667788396
Narsaq,60.9167,-46.05,32.22,97,98,1.52,GL,1667788403
Vostok,46.4856,135.8833,37.49,38,13,4.43,RU,1667788568
Half Moon Bay,37.4636,-122.4286,54.1,80,75,16.11,US,1667788573
Lebu,-37.6167,-73.65,51.22,88,24,11.34,CL,1667788327
Baykit,61.67,96.37,22.24,94,100,1.34,RU,1667788342
Dingle,52.1408,-10.2689,54.82,93,100,28.32,IE,1667788574
Belmonte,-15.8631,-38.8828,71.47,77,87,9.57,BR,1667788574
Pevek,69.7008,170.3133,13.86,86,93,13.62,RU,1667788575
Novoseleznëvo,55.6821,69.2056,19.45,97,100,5.12,RU,1667788575
Lesnoy,57.6198,63.0784,12.52,99,88,3.83,RU,1667788575
Hofn,64.2539,-15.2082,40.96,91,100,14.54,IS,1667788576
Ocós,14.5094,-92.1933,80.78,85,100,5.95,GT,1667788577
Qaqortoq,60.7167,-46.0333,27.9,95,89,2.68,GL,1667788577
Port Elizabeth,-33.918,25.5701,65.01,91,0,17.27,ZA,1667788577
Flin Flon,54.7682,-101.865,10.76,90,100,12.06,CA,1667788578
Pacasmayo,-7.4006,-79.5714,62.4,88,28,8.25,PE,1667788578
Salalah,17.0151,54.0924,75.29,78,0,3.44,OM,1667788580
Lavrentiya,65.5833,-171.0,33.53,99,100,11.05,RU,1667788580
Leningradskiy,69.3833,178.4167,15.01,80,1,8.81,RU,1667788580
Dalbandin,28.8947,64.4101,62.92,54,33,6.2,PK,1667788581
Talnakh,69.4865,88.3972,22.21,96,100,6.22,RU,1667788581
Ponta do Sol,17.1994,-25.0919,74.98,69,0,7.72,CV,1667788582
Coquimbo,-29.9533,-71.3436,56.93,88,40,0.0,CL,1667788582
Bilibino,68.0546,166.4372,0.43,98,69,4.32,RU,1667788333
Sisimiut,66.9395,-53.6735,14.76,81,42,8.05,GL,1667788583
Constitucion,23.9912,-104.6749,60.46,31,0,6.55,MX,1667788584
Nikolskoye,59.7035,30.7861,40.86,92,98,10.42,RU,1667788584
Lanzhou,36.0564,103.7922,50.54,52,96,0.92,CN,1667788585
Tiarei,-17.5333,-149.3333,75.22,93,100,22.86,PF,1667788585
Baraúna,-5.08,-37.6167,75.18,76,92,9.31,BR,1667788586
Poum,-20.2333,164.0167,79.27,77,3,7.29,NC,1667788586
Meïganga,6.5167,14.3,62.19,59,79,3.83,CM,1667788587
Curuçá,-0.7289,-47.8481,74.46,94,99,3.44,BR,1667788587
Yumen,40.2833,97.2,40.64,29,19,10.45,CN,1667788588
Oriximiná,-1.7656,-55.8661,74.19,94,100,2.26,BR,1667788589
Okha,53.5739,142.9478,30.61,53,57,14.5,RU,1667788475
Sinnamary,5.3833,-52.95,77.68,86,100,6.67,GF,1667788590
Odessa,31.8457,-102.3676,66.07,33,0,5.75,US,1667788590
Santiago de Cao,-7.9589,-79.2392,62.73,82,10,8.05,PE,1667788591
Urdoma,61.7533,48.5442,28.42,90,100,7.49,RU,1667788591
Lac du Bonnet,50.2536,-96.0612,33.96,96,100,13.71,CA,1667788592
Saint-Louis,-21.2667,55.4167,68.09,73,0,5.75,RE,1667788592
Līsakovsk,52.5369,62.4936,18.41,94,94,4.47,KZ,1667788593
Calabozo,8.9242,-67.4293,75.4,81,60,1.77,VE,1667788593
Isangel,-19.55,169.2667,86.11,70,43,8.05,VU,1667788593
Vestmannaeyjar,63.4427,-20.2734,42.4,65,57,8.75,IS,1667788406
Camabatela,-8.1881,15.375,63.3,99,100,2.98,AO,1667788594
Nur-Sultan,51.1801,71.446,26.55,93,75,8.95,KZ,1667788594
Saint George,32.3817,-64.6781,74.71,78,100,19.57,BM,1667788595
Sitka,57.0531,-135.33,30.09,31,0,17.27,US,1667788595
Tuktoyaktuk,69.4541,-133.0374,5.0,85,20,9.22,CA,1667788305
Buraidah,26.326,43.975,63.05,70,5,6.91,SA,1667788596
Bambous Virieux,-20.3428,57.7575,71.85,78,40,2.3,MU,1667788596
Faanui,-16.4833,-151.75,77.25,82,100,18.86,PF,1667788596
Vilhena,-12.7406,-60.1458,70.09,46,0,1.74,BR,1667788597
Hualmay,-11.0964,-77.6139,62.96,84,11,9.37,PE,1667788597
Oktyabr'skoye,43.0645,44.7417,33.94,93,12,11.18,RU,1667788598
Port Hedland,-20.3167,118.5667,80.65,50,62,21.85,AU,1667788598
Tura,64.2833,100.25,9.66,98,94,3.89,RU,1667788342
Chennai,13.0878,80.2785,78.78,89,75,4.61,IN,1667788509
Ulaanbaatar,47.9077,106.8832,10.53,85,14,2.24,MN,1667788599
Mount Darwin,-16.7725,31.5838,70.14,79,91,1.32,ZW,1667788599
West Plains,36.7281,-91.8524,54.75,79,0,0.0,US,1667788599
Henties Bay,-22.116,14.2845,63.34,79,100,4.29,NA,1667788600
Vredendal,-31.6683,18.5012,60.94,96,91,7.31,ZA,1667788600
Güicán,6.4618,-72.4113,48.56,94,99,1.79,CO,1667788601
Hamilton,32.2915,-64.778,74.01,80,100,19.57,BM,1667788601
Vinh,18.6667,105.6667,75.11,73,18,4.81,VN,1667788601
Muros,42.7762,-9.0603,61.43,67,99,16.98,ES,1667788602
Paamiut,61.994,-49.6678,15.78,83,26,8.84,GL,1667788602
Petropavlovsk-Kamchatskiy,53.0452,158.6483,37.99,75,40,2.24,RU,1667788345
Bonavista,48.6499,-53.1147,51.49,93,100,15.68,CA,1667788603
Pandan,14.0453,124.1694,79.68,87,100,10.27,PH,1667788603
Bethel,41.3712,-73.414,65.48,82,0,8.05,US,1667788413
Souillac,-20.5167,57.5167,71.98,78,40,2.3,MU,1667788604
Mayor Pablo Lagerenza,-19.9309,-60.7718,71.56,36,5,4.25,PY,1667788604
Vila Velha,-20.3297,-40.2925,69.94,89,75,4.61,BR,1667788605
Gilgit,35.9221,74.3087,49.1,96,100,2.33,PK,1667788605
Saint-Pierre,46.7654,-56.1695,53.56,100,100,16.11,PM,1667788605
Kununurra,-15.7667,128.7333,98.58,34,18,4.61,AU,1667788606
Palma di Montechiaro,37.1926,13.765,58.32,77,0,5.17,IT,1667788467
Arlit,18.7369,7.3853,70.2,20,2,5.19,NE,1667788606
Castro,-42.4721,-73.7732,48.38,89,0,0.0,CL,1667788607
Vaitape,-16.5167,-151.75,78.3,79,100,23.96,PF,1667788561
Lagoa,39.05,-27.9833,64.62,79,100,28.99,PT,1667788440
Blagoyevo,63.3667,47.9167,29.01,96,100,7.45,RU,1667788608
Ballina,54.1167,-9.1667,50.43,94,100,15.9,IE,1667788608
Frankenberg,51.0667,8.8,46.71,87,100,11.34,DE,1667788608
Acapulco de Juárez,16.8634,-99.8901,82.22,83,0,4.61,MX,1667788383
Purranque,-40.9167,-73.1667,50.29,95,21,2.86,CL,1667788609
Darhan,49.4867,105.9228,34.5,44,53,8.63,MN,1667788609
Road Town,18.4167,-64.6167,82.44,94,40,11.5,VG,1667788610
Kijang,0.9,104.6333,82.44,73,100,5.23,ID,1667788610
Carutapera,-1.195,-46.02,74.17,94,100,4.76,BR,1667788611
Touba,8.2833,-7.6833,69.44,95,64,3.29,CI,1667788611
North Bend,43.4065,-124.2243,43.83,96,100,6.91,US,1667788612
Harper,4.375,-7.7169,76.46,88,39,3.71,LR,1667788612
Bansko,41.8383,23.4885,45.68,88,85,3.22,BG,1667788613
Linqiong,30.4159,103.4609,60.62,87,100,1.57,CN,1667788613
Taltal,-25.4,-70.4833,60.15,81,33,1.41,CL,1667788614
Dickinson,29.4608,-95.0513,76.12,92,75,9.22,US,1667788614
Agadez,19.75,10.25,65.03,25,2,9.91,NE,1667788615
Manggar,-2.8833,108.2667,82.85,71,100,4.03,ID,1667788615
Kashgar,39.4547,75.9797,43.81,87,100,4.47,CN,1667788616
Mizque,-17.941,-65.3402,58.91,62,17,5.12,BO,1667788616
Tongzi,28.7829,105.0877,64.13,77,100,2.42,CN,1667788617
Sanghar,26.0466,68.9481,74.5,42,0,5.77,PK,1667788617
Mgandu,-5.95,34.1333,62.73,71,39,4.56,TZ,1667788617
Coahuayana Viejo,18.7333,-103.6833,74.41,94,13,2.01,MX,1667788618
Klaksvík,62.2266,-6.589,49.12,92,100,26.53,FO,1667788415
Verkhnyaya Inta,65.9811,60.3094,32.22,98,100,11.48,RU,1667788618
Port Moresby,-9.4431,147.1797,90.82,55,40,11.5,PG,1667788619
Campina Verde,-19.5356,-49.4864,69.3,61,33,8.05,BR,1667788619
Beringovskiy,63.05,179.3167,30.76,98,100,2.3,RU,1667788620
Hambantota,6.1241,81.1185,75.54,100,20,4.61,LK,1667788620
Bela,26.2271,66.3111,74.93,73,13,1.19,PK,1667788621
Dali,25.7,100.1833,61.68,52,0,2.73,CN,1667788621
Kaeo,-35.1,173.7833,67.32,68,99,14.9,NZ,1667788622
Tadine,-21.55,167.8833,80.35,73,49,9.35,NC,1667788622
Pital,10.4506,-84.2741,77.32,95,100,2.57,CR,1667788623
Siyabuswa,-25.1132,29.0445,68.14,82,92,9.95,ZA,1667788623
Mataram,-8.5833,116.1167,85.01,69,67,5.93,ID,1667788624
Sistranda,63.7256,8.834,39.16,73,11,15.57,NO,1667788624
Ayaviri,-14.8864,-70.5889,43.07,77,65,6.71,PE,1667788624
Ixtapa,20.7,-105.2,78.03,73,40,3.44,MX,1667788392
Khovu-Aksy,51.1333,93.6,27.54,71,99,2.57,RU,1667788625
San José,16.9833,-89.9,75.51,83,89,2.68,GT,1667788625
Tehachapi,35.1322,-118.449,52.3,82,3,11.01,US,1667788346
Makassar,-5.14,119.4221,86.05,70,40,2.3,ID,1667788626
Unecha,52.8459,32.6739,36.86,90,100,9.22,RU,1667788627
Springbok,-29.6643,17.8865,58.6,74,100,4.09,ZA,1667788627
Maki,37.75,138.8833,62.55,51,97,3.85,JP,1667788627
Ranau,5.9538,116.6641,82.24,69,100,2.64,MY,1667788628
Onega,63.9061,38.1404,36.54,96,100,11.72,RU,1667788628
Kumul,42.8,93.45,52.16,22,100,3.27,CN,1667788629
Aksha,50.2814,113.2867,32.95,54,100,4.74,RU,1667788629
Poconé,-16.2567,-56.6228,70.32,41,0,1.57,BR,1667788630
Mabaruma,8.2,-59.7833,74.93,91,50,2.46,GY,1667788630
Lorengau,-2.0226,147.2712,83.75,76,78,6.46,PG,1667788631
Qaanaaq,77.484,-69.3632,-2.45,89,100,8.66,GL,1667788631
San Patricio,19.2167,-104.7,78.91,83,40,0.0,MX,1667788632
Kotma,23.2,81.9667,68.68,60,4,1.25,IN,1667788632
Grand Gaube,-20.0064,57.6608,71.38,75,81,3.0,MU,1667788354
Mackay,-21.15,149.2,81.68,58,16,17.92,AU,1667788633
Makkah al Mukarramah,21.4267,39.8261,75.2,56,5,1.3,SA,1667788503
Palmer,42.1584,-72.3287,66.24,76,40,13.8,US,1667788510
Sittwe,20.15,92.9,79.59,72,1,4.21,MM,1667788633
Maués,-3.3836,-57.7186,73.26,96,100,2.06,BR,1667788634
Zamānia,25.4333,83.5667,74.77,48,12,2.35,IN,1667788635
Kavaratti,10.5669,72.642,81.0,74,3,3.42,IN,1667788527
Bambanglipuro,-7.95,110.2833,84.81,69,100,6.2,ID,1667788635
Kita,13.0349,-9.4895,80.44,34,99,1.79,ML,1667788636
Doha,25.2867,51.5333,78.75,67,0,2.3,QA,1667788628
Santo Antônio do Içá,-3.1022,-67.9397,77.72,75,96,2.15,BR,1667788636
Orlik,52.5178,99.825,23.0,70,98,2.8,RU,1667788637
Semnan,35.5729,53.3971,49.84,40,0,0.0,IR,1667788637
Panjāb,34.388,67.0233,32.58,85,17,1.3,AF,1667788638
Lianran,24.9227,102.485,55.94,55,0,4.34,CN,1667788638
São Miguel do Iguaçu,-25.3481,-54.2378,67.08,87,8,4.68,BR,1667788638
Cockburn Town,21.4612,-71.1419,75.18,87,100,10.54,TC,1667788639
Sassandra,4.95,-6.0833,75.45,90,92,1.66,CI,1667788639
San-Pédro,4.7485,-6.6363,76.78,88,29,2.91,CI,1667788640
Venado Tuerto,-33.7456,-61.9688,64.76,31,99,15.26,AR,1667788420
Rabo de Peixe,37.8,-25.5833,63.28,98,40,12.66,PT,1667788641
Toamasina,-18.1667,49.3833,68.0,94,40,2.3,MG,1667788641
Camacha,33.0833,-16.3333,65.62,77,40,3.44,PT,1667788641
Yar-Sale,66.8333,70.8333,24.87,96,100,5.61,RU,1667788642
Hirekerūr,14.4667,75.3833,72.39,74,8,11.36,IN,1667788642
Giarre,37.7269,15.1877,56.82,76,9,3.56,IT,1667788643
Guarujá,-23.9931,-46.2564,66.81,69,30,2.59,BR,1667788643
Kuntaur,13.6667,-14.8833,75.94,47,5,6.51,GM,1667788644
Kudahuvadhoo,2.6708,72.8944,81.59,77,97,12.41,MV,1667788644
San Cristobal,-0.9045,-89.6174,67.93,75,98,9.19,EC,1667788644
Khovd,48.0056,91.6419,40.21,44,68,4.85,MN,1667788396
Laguna,-28.4825,-48.7808,57.29,92,22,7.05,BR,1667788645
Tabou,4.423,-7.3528,76.59,88,80,3.4,CI,1667788645
Novikovo,51.1537,37.8879,32.83,82,100,5.68,RU,1667788646
Novobirilyussy,56.9514,90.6661,28.56,76,100,11.92,RU,1667788646
Quatre Cocos,-20.2078,57.7625,72.09,77,26,10.09,MU,1667788647
Medyn',54.9692,35.8586,32.4,98,100,7.36,RU,1667788647
Ilulissat,69.2167,-51.1,-2.7,93,54,7.2,GL,1667788648
Matara,5.9485,80.5353,80.98,77,51,2.04,LK,1667788394
Am Timan,11.0297,20.2827,77.56,31,55,4.41,TD,1667788648
Inhambane,-23.865,35.3833,71.58,83,75,9.22,MZ,1667788648
La Ronge,55.1001,-105.2842,14.25,73,100,10.36,CA,1667788649
Hercegszántó,45.95,18.9392,51.58,85,100,0.94,HU,1667788649
Rocky Mountain House,52.3668,-114.9188,5.11,85,100,2.3,CA,1667788650
Aberdeen,45.4647,-98.4865,29.79,45,0,19.57,US,1667788650
Roebourne,-20.7833,117.1333,81.57,32,23,15.7,AU,1667788651
Cairns,-16.9167,145.7667,88.41,61,5,18.41,AU,1667788651
Altagracia de Orituco,9.8601,-66.3814,72.48,78,46,2.71,VE,1667788536
Aykhal,66.0,111.5,-3.93,100,100,6.73,RU,1667788651
Namatanai,-3.6667,152.4333,84.34,70,100,5.95,PG,1667788652
Nampula,-15.1165,39.2666,69.75,88,0,11.5,MZ,1667788488
Grand-Santi,4.25,-54.3833,72.48,99,100,1.5,GF,1667788653
Sanivārsante,12.7333,75.9,69.24,81,70,6.73,IN,1667788653
Touros,-5.1989,-35.4608,77.59,74,21,11.18,BR,1667788653
Maxixe,-23.8597,35.3472,71.42,83,75,9.22,MZ,1667788508
Atambua,-9.1061,124.8925,86.65,54,100,4.27,ID,1667788654
Beloha,-25.1667,45.05,71.53,82,18,3.4,MG,1667788654
Shelburne,44.0787,-80.2041,51.15,69,42,17.09,CA,1667788411
Freeport,26.5333,-78.7,75.15,83,1,9.22,BS,1667788521
Salinas,-2.2167,-80.9667,67.69,85,100,11.39,EC,1667788655
Bugene,-1.5911,31.1403,57.2,96,98,1.52,TZ,1667788655
Victor Harbor,-35.5667,138.6167,73.0,62,4,6.13,AU,1667788656
Sorokino,53.75,84.9167,30.34,72,90,10.09,RU,1667788656
Erdenet,49.0333,104.0833,32.09,38,100,3.71,MN,1667788656
Berlevåg,70.8578,29.0864,33.33,80,75,16.11,NO,1667788657
Plettenberg Bay,-34.0527,23.3716,66.06,77,100,6.33,ZA,1667788657
Gospić,44.5461,15.3747,37.09,96,47,3.96,HR,1667788658
Bandipur,11.6663,76.6286,68.25,83,51,3.96,IN,1667788658
Sola,-13.8833,167.55,81.27,83,15,0.0,VU,1667788659
Santa Maria,16.6,-22.9,73.99,88,20,6.91,CV,1667788659
Husavik,66.0449,-17.3389,38.84,97,100,7.54,IS,1667788659
Ouallam,14.3188,2.0866,73.18,14,0,10.29,NE,1667788660
Denia,38.8408,0.1057,61.45,61,56,5.99,ES,1667788660
Praia da Vitória,38.7333,-27.0667,62.85,82,20,16.82,PT,1667788660
Aasiaat,68.7098,-52.8699,5.4,99,99,6.26,GL,1667788661
Wau,-7.3351,146.718,78.69,70,83,2.62,PG,1667788661
Digby,44.6169,-65.7655,61.59,80,100,21.43,CA,1667788662
São Filipe,14.8961,-24.4956,77.67,67,0,4.47,CV,1667788662
Elko,41.0002,-115.5012,47.7,69,100,10.0,US,1667788662
Tazovsky,67.4667,78.7,19.42,96,96,6.13,RU,1667788663
Tikhvin,59.6451,33.5294,33.22,98,100,7.96,RU,1667788663
Tabora,-5.0167,32.8,70.16,63,100,2.59,TZ,1667788387
Katsuura,35.1333,140.3,59.02,74,100,4.52,JP,1667788664
Cassilândia,-19.1133,-51.7342,68.76,49,1,6.91,BR,1667788664
Suicheng,33.8963,117.9331,65.98,39,4,3.2,CN,1667788665
Omboué,-1.5746,9.2618,74.21,93,100,3.6,GA,1667788665
Coruripe,-10.1256,-36.1756,75.07,91,70,12.15,BR,1667788481
Samarai,-10.6167,150.6667,84.42,72,99,10.31,PG,1667788665
Lewistown,40.5992,-77.5714,69.1,88,100,0.0,US,1667788666
Te Anau,-45.4167,167.7167,53.31,78,90,6.89,NZ,1667788666
Darnah,32.767,22.6367,67.33,73,21,20.27,LY,1667788667
Liverpool,44.0335,-64.7155,61.38,91,100,14.97,CA,1667788667
Pacific Grove,36.6177,-121.9166,54.34,75,100,8.05,US,1667788501
Saint-Augustin,51.226,-58.6502,45.61,99,100,3.83,CA,1667788411
Natchez,31.5604,-91.4032,73.22,94,75,10.36,US,1667788672
Mandalgovi,45.7625,106.2708,34.48,27,4,12.93,MN,1667788673
Corrente,-3.7367,-43.3394,73.24,97,100,2.55,BR,1667788673
Necochea,-38.5473,-58.7368,58.1,74,99,16.53,AR,1667788674
Broome,-17.9667,122.2333,84.15,65,40,10.36,AU,1667788528
Balaipungut,1.05,101.2833,79.41,86,100,0.54,ID,1667788674
Margate,-30.8636,30.3705,66.96,84,100,10.02,ZA,1667788675
Bintulu,3.1667,113.0333,83.91,79,40,5.01,MY,1667788675
Çubuk,40.2386,33.0322,40.64,60,0,2.3,TR,1667788676
Macheng,31.1783,115.0319,72.95,33,0,1.95,CN,1667788676
Qiongshan,20.0058,110.3542,71.58,94,75,11.18,CN,1667788677
Poya,-21.35,165.15,81.57,72,44,11.3,NC,1667788677
Paita,-5.0892,-81.1144,63.18,83,0,11.39,PE,1667788678
Coyhaique,-45.5752,-72.0662,49.95,71,0,1.14,CL,1667788678
Mozarlândia,-14.7447,-50.5706,76.01,64,2,6.26,BR,1667788678
Neusiedl am See,47.9357,16.8325,40.78,74,100,2.93,AT,1667788679
Alice Springs,-23.7,133.8833,92.75,7,7,10.36,AU,1667788679
Terra Santa,-2.1042,-56.4869,74.64,93,98,1.14,BR,1667788680
Ihosy,-22.4,46.1167,67.23,92,95,3.31,MG,1667788680
Sikasso,10.9167,-7.0,78.24,64,79,3.53,ML,1667788680
Roseburg,43.2165,-123.3417,42.37,89,100,3.44,US,1667788681
Ano Mera,37.45,25.4,59.43,75,98,6.44,GR,1667788681
Bariloche,-41.1456,-71.3082,51.55,46,0,3.44,AR,1667788597
Biak,-0.9131,122.8766,83.17,70,100,5.66,ID,1667788682
Fairmont,39.4851,-80.1426,67.35,80,33,4.38,US,1667788682
Soto la Marina,23.7667,-98.2167,78.78,97,15,4.74,MX,1667788683
Kasama,-10.2129,31.1808,66.22,76,90,1.36,ZM,1667788683
Davila,18.4726,120.5763,85.98,71,51,11.72,PH,1667788684
Ust'-Abakan,53.8525,91.3742,28.31,80,0,6.71,RU,1667788684
Øksfjord,70.2396,22.3479,39.33,95,100,17.38,NO,1667788685
Carnarvon,-30.9683,22.133,65.5,51,100,15.64,ZA,1667788685
Walla Walla,46.0646,-118.343,46.98,66,0,6.91,US,1667788468
Zorritos,-3.6805,-80.6782,70.09,79,9,6.29,PE,1667788686
Rocha,-34.4833,-54.3333,53.15,95,0,6.02,UY,1667788686
Teya,60.3778,92.6267,27.21,94,100,8.23,RU,1667788686
Chaplynka,46.3651,33.5403,38.71,83,98,12.3,UA,1667788687
Bac Lieu,9.285,105.7244,82.33,76,100,11.32,VN,1667788687
Skjervøy,70.0311,20.9714,39.2,89,100,23.98,NO,1667788688
Guerrero Negro,27.9769,-114.0611,64.85,76,63,11.7,MX,1667788688
Ostrovnoy,68.0531,39.5131,33.04,92,100,17.49,RU,1667788688
Flinders,-34.5833,150.8552,73.02,71,11,14.05,AU,1667788689
Sorong,-0.8833,131.25,83.46,74,100,2.13,ID,1667788689
